ID	Hardness	Diameter	T-Flour	B-Flour	SRC-W
GID1	60.52102887	2.488401343	70.04102295	50.28026813	59.06115397
GID2	66.71350557	2.554941829	69.81940123	48.62122503	58.24570837
GID3	61.8102931	2.625922317	69.67434848	49.68704769	60.59582916
GID4	66.14264542	2.549508573	69.44563615	48.36536912	60.27632502
GID5	67.56591913	2.504542526	70.68139143	49.17848161	58.64225024
GID6	76.5131118	2.533223755	70.08114719	46.50422738	58.45725052
GID7	67.94301299	2.674342244	69.46509249	47.89687056	59.53430011
GID8	69.55935792	2.558788296	70.10616133	48.95371751	60.70855938
GID9	63.45013169	2.498028762	71.46079658	51.51853486	58.51218515
GID10	63.55450187	2.553391793	70.06384428	49.91066946	58.43503977
GID11	69.48486317	2.453668065	71.96100131	51.29037279	58.22795503
GID12	58.41157712	2.585732637	73.88691426	54.02626741	56.84127842
GID13	63.92783424	2.711030418	70.87928955	50.17373588	60.33829836
GID14	59.63094189	2.600900785	68.02044179	47.65594259	59.19293175
GID15	60.28813013	2.453065363	67.82204539	47.23961114	59.69648507
GID16	63.53926409	2.707059289	69.42324867	49.0432121	58.69945675
GID17	68.74156552	2.612712258	69.24930305	45.93596783	58.86918123
GID18	69.63578258	2.475930454	69.11389913	46.73641896	58.86211413
GID19	65.79161299	2.759050688	69.90874825	47.04093712	64.18633581
GID20	76.65326651	2.641553817	67.52601919	40.26881485	69.67999051
GID21	68.30547347	2.651921726	68.82176412	47.73980913	64.33459758
GID22	60.97795525	2.741476081	68.51413896	47.81062317	58.51475465
GID23	69.56432682	2.603810319	69.13805668	44.19714922	61.35093485
GID24	70.6009206	2.734095694	67.94738404	42.77293329	63.38990065
GID25	69.23165634	2.649659623	68.54090881	45.48314152	60.97579634
GID26	74.91549716	2.700733206	67.0787997	40.15431742	64.26185622
GID27	78.25266347	2.742616483	66.70262316	38.71131477	71.15391751
GID28	72.75022125	2.739060894	68.56533826	45.28441386	63.16265036
GID29	63.24883891	2.717504013	68.54314488	46.0501374	61.40231421
GID30	70.48779274	2.717970854	69.4236018	45.44105635	62.75675033
GID31	66.50961505	2.510397556	69.5111438	50.38979789	57.62120616
GID32	66.4181179	2.345500968	69.43359183	50.46693108	56.42407268
GID33	71.99018157	2.777560232	69.28290635	42.9909135	66.86177686
GID34	73.97350087	2.469341204	69.60370393	47.3400622	60.63136993
GID35	70.96817255	2.465953802	70.00665879	47.98578208	61.43343317
GID36	75.52937579	2.579749099	67.81692369	45.32400443	61.44232427
GID37	68.25261897	2.80011339	66.57511708	44.45290911	63.06337309
GID38	67.03707914	2.663398562	69.93008621	47.54591199	63.82942069
GID39	66.610132	2.74076031	69.82146343	46.63128179	63.38233844
GID40	64.50610249	2.618834283	71.0516642	48.77722672	61.02244751
GID41	67.40297115	2.672393582	70.95068858	48.72195887	61.5752368
GID42	61.5081603	2.454780543	70.7873008	50.99725141	59.97118828
GID43	66.72068499	2.553882944	73.10598304	51.66558578	58.09682347
GID44	68.95455538	2.473533301	70.91025766	52.19772904	59.26873708
GID45	63.63692667	2.531687831	72.03034297	51.30756509	59.52253428
GID46	62.94355144	2.5829422	69.79018065	50.18035718	60.31515925
GID47	60.28052454	2.670174451	70.18863506	49.73119307	61.24931233
GID48	64.59353919	2.566511244	68.25393625	47.57106396	59.51814779
GID49	69.12898905	2.480795979	67.40048748	42.99100148	62.30884731
GID50	80.86206595	2.420917662	66.64842208	42.81986017	62.98825662
GID51	69.10272243	2.683400318	69.32313907	47.62539609	61.08354335
GID52	63.86272447	2.445071939	67.2108832	46.34984412	58.36180963
GID53	81.87120042	2.453250624	67.30725915	40.98801899	65.08065439
GID54	67.47900551	2.539830081	65.59013622	42.05067407	59.9107406
GID55	71.97715973	2.772402735	69.48173666	43.29340791	64.95453816
GID56	64.47758721	2.603689173	68.9744292	47.1231872	57.36594793
GID57	62.1927436	2.692924838	68.96618461	49.41148913	57.1894427
GID58	60.3971309	2.530589912	70.37316343	52.29824735	57.9133973
GID59	63.47207884	2.709247919	70.90317098	51.0483323	58.92953498
GID60	59.76690062	2.584650685	70.37192373	50.77590475	58.50735408
GID61	58.42546434	2.448341024	70.98868707	52.12614048	55.97201416
GID62	68.05812412	2.531872727	71.26480854	49.98448649	57.46558492
GID63	63.99957465	2.673064151	70.15029803	47.12287328	58.09697387
GID64	63.45860567	2.425629897	70.1568761	51.20765209	57.81638893
GID65	63.39086928	2.56805881	68.99278466	48.13316272	59.70796742
GID66	63.290637	2.64953319	69.29334287	49.53436853	56.91262305
GID67	62.89521801	2.472581139	67.74057914	50.11808797	58.80554341
GID68	78.24311583	2.511886159	68.46291776	43.88956056	61.59290547
GID69	66.47659821	2.592995668	69.21927735	48.38888735	59.29447154
GID70	64.21232523	2.66037417	69.91622432	47.92325421	60.91382925
GID71	68.75157836	2.671170383	67.63550987	45.34752553	61.73254309
GID72	59.53480391	2.70914776	69.34629186	48.36669907	60.56561224
GID73	68.09314369	2.668988046	69.68181931	47.19676958	61.80849765
GID74	65.86533013	2.762270543	69.51691117	46.43132506	63.78650603
GID75	71.20775296	2.637911271	69.04716622	46.50373998	61.16768944
GID76	65.27914096	2.413792987	70.23211809	48.59506448	55.96063302
GID77	63.85887651	2.456826675	68.24415947	48.94771706	57.03038665
GID78	67.0823934	2.368070129	69.11389539	50.10641219	55.92204308
GID79	66.10166642	2.824546237	68.13078612	45.89932153	59.33192183
GID80	60.90005629	2.468215273	71.11794668	52.27506843	56.46923949
GID81	62.12998258	2.483666961	70.91005947	51.28261595	58.61122178
GID82	68.36845768	2.692340542	71.56005289	48.72765006	59.31441612
GID83	70.63868093	2.633018373	71.83352542	48.66069198	59.71894826
GID84	66.30517816	2.695071194	71.92891962	48.50035757	60.10145004
GID85	61.48839582	2.638512533	72.36544554	50.61364463	57.91761745
GID86	74.92273024	2.640490031	68.6432498	43.71280422	62.96877141
GID87	71.72457354	2.503995776	70.6305914	49.85801903	59.46260695
GID88	59.96897654	2.624485641	71.83051184	51.82450788	58.92445771
GID89	63.07468113	2.665435056	72.96954321	49.83329027	58.83947893
GID90	68.44930601	2.687176641	68.97207164	47.47283394	61.41381565
GID91	59.20204042	2.63990766	67.39683985	46.15918859	58.13573275
GID92	63.93989144	2.653504308	72.36405624	50.06768598	62.14787869
GID93	61.33556763	2.662273045	69.11784199	51.14905937	59.74333248
GID94	83.11433449	2.583783655	64.15041825	37.50697509	66.08896153
GID95	79.91316769	2.388901758	66.85030519	43.16340786	63.46378922
GID96	71.99660449	2.683104655	69.782242	50.624068	59.35706756
GID97	68.92007269	2.678523414	69.386292	47.45800397	63.95833645
GID98	68.96299503	2.590903527	68.79185224	46.86913791	63.4633011
GID99	70.87094066	2.54517627	69.03959308	47.89798777	63.6956883
GID100	67.60242561	2.562641492	65.29168999	45.4126837	62.5367339
GID101	53.84894008	2.716163221	69.26334468	51.40457562	60.55843454
GID102	71.59824971	2.672187612	69.09791984	46.3725937	63.45156317
GID103	68.57144762	2.762844417	67.5225219	44.25544727	64.3980131
GID104	79.74182149	2.683821655	67.23315094	41.96201771	62.7603721
GID105	69.88907297	2.612327323	68.32826819	45.69037241	64.06882972
GID106	70.84763303	2.593797756	68.91650346	44.35528264	63.48132565
GID107	75.95649981	2.570525758	67.36292586	41.43979801	65.75516311
GID108	75.03942933	2.441217457	69.05193653	48.34324566	62.63420495
GID109	69.65297096	2.742954385	70.18320034	48.20007729	63.00101995
GID110	61.36676356	2.458665377	71.42095353	52.35282419	54.36450334
GID111	63.15754286	2.462330634	70.03738028	50.69272602	58.82235913
GID112	61.09473754	2.574846011	71.28814419	51.73373913	58.94312732
GID113	76.51770749	2.535742655	65.74364885	42.31616131	65.21204124
GID114	70.51296249	2.621819655	65.3019506	43.05698446	65.27054044
GID115	67.41023218	2.485760429	67.82207915	47.37792063	61.46232802
GID116	70.53530003	2.686388245	69.78732813	46.69164962	62.71178843
GID117	80.24581545	2.664174971	66.48680283	41.60791076	67.47229458
GID118	80.91529849	2.634524655	64.44136443	39.52915258	66.92676858
GID119	76.96382949	2.618285655	66.99113552	46.68219029	65.02393942
GID120	67.82598692	2.739376082	69.0015493	47.0788645	63.76462167
GID121	72.43535449	2.590669366	65.4220854	41.62312551	64.7920786
GID122	80.14057699	2.523557375	65.5359881	40.06773831	63.34495577
GID123	51.68897196	2.445321137	70.76997905	52.12760353	55.75647535
GID124	61.30746706	2.539380426	69.46663147	48.13606185	60.73405361
GID125	77.42773814	2.587128546	66.82880017	43.180645	64.40300265
GID126	72.62361421	2.609130321	68.49108608	47.05585914	61.78267343
GID127	62.73194023	2.593281653	73.04652616	52.95886085	56.54274562
GID128	73.7704242	2.771312388	68.96445084	44.8228282	61.99022978
GID129	65.41873507	2.623732676	67.71366691	46.79544276	58.78966442
GID130	71.27210981	2.635998381	70.21591578	46.54777224	63.60189251
GID131	64.11473844	2.797406744	65.54821468	43.64491408	64.65352835
GID132	66.96820632	2.466785719	69.83901489	49.50712157	57.37095951
GID133	71.67258195	2.564682786	67.7039493	45.66808276	63.58221375
GID134	64.7429607	2.877733789	69.01654768	44.09489651	62.4331415
GID135	68.25625379	2.481578779	70.05520399	49.0442463	59.64767778
GID136	68.04761862	2.438485027	69.89671241	48.94236625	59.80702576
GID137	57.10497377	2.568910552	71.08721208	50.85736993	56.96255386
GID138	56.24511312	2.472737527	70.50941189	50.54252551	57.51413456
GID139	62.02261613	2.396435288	71.56854464	52.98267264	55.68390793
GID140	61.49366728	2.433465588	70.51474309	51.61208024	55.6111643
GID141	59.73409212	2.379906527	70.36411215	50.51928308	56.96028032
GID142	70.48914826	2.642282757	68.71516527	44.18775846	62.09294093
GID143	61.58293183	2.568824196	70.13184683	48.64218351	58.38023528
GID144	67.2789637	2.6042549	69.82718487	48.05767898	61.33123386
GID145	66.62201021	2.57194418	70.84101959	49.18066131	59.72350975
GID146	67.60326805	2.588808013	68.19693974	42.85933717	62.79974023
GID147	69.65249757	2.588004686	70.68302274	48.32621494	60.77749658
GID148	72.26734777	2.611627413	70.42751253	44.99877191	62.77904224
GID149	69.47210826	2.672009646	70.83837316	47.50133388	62.14511746
GID150	64.19845626	2.554759572	71.35858374	50.9140003	59.65609717
GID151	62.91362788	2.526683077	70.91062749	50.45941192	59.48618694
GID152	74.75181491	2.489323119	70.2380068	48.68176222	62.29079395
GID153	65.32659476	2.463004483	68.53727677	49.57344235	56.15503836
GID154	63.35428046	2.491788618	70.95566834	51.4665479	58.17613502
GID155	66.36410664	2.665010672	68.19854867	46.55903199	58.1375487
GID156	78.85461166	2.745521456	70.62244082	48.02638654	61.63710692
GID157	72.8682994	2.664637483	67.7765985	41.82307935	64.35881198
GID158	68.99153206	2.677445076	69.34244798	47.73033571	58.07064399
GID159	69.66024605	2.651077404	67.99951018	45.98703366	59.94924142
GID160	68.00477482	2.526883487	70.36248745	50.57768087	59.60901978
GID161	63.23132513	2.604781654	68.66527374	47.11195315	57.6699604
GID162	72.17697875	2.558470585	71.09079632	49.93674942	58.38824283
GID163	67.26578949	2.595043166	70.05892649	48.6315171	58.37585331
GID164	67.08938281	2.629126438	70.62467825	49.92252182	59.47571126
GID165	77.29672063	2.612336792	69.1417338	49.09738218	58.15227128
GID166	73.81001131	2.650680694	69.84960701	47.24390882	61.60953008
GID167	68.29634956	2.685454814	71.67120045	49.59655616	59.4707462
GID168	69.08172723	2.726102595	69.66612743	48.02841888	61.57930724
GID169	74.07451826	2.603115442	69.02136154	47.67187092	64.47621329
GID170	74.1023837	2.62526103	69.82790787	48.00496635	58.99362599
GID171	51.64628161	2.756549793	68.3269405	46.45486215	61.59535354
GID172	76.6080991	2.574075282	67.65898057	45.628649	61.21642744
GID173	60.66906749	2.529916655	68.51805443	48.79778971	62.18381039
GID174	75.64771249	2.655375655	67.15361314	43.54531375	61.12938356
GID175	73.03527717	2.554604931	71.15838393	49.32838177	60.4331041
GID176	59.11576849	2.579267655	71.44193847	45.53210756	62.41700707
GID177	76.20332349	2.658263655	66.01656324	41.92648205	63.8602627
GID178	81.80714449	2.718055655	65.42774846	39.22507687	64.89140488
GID179	71.674763	2.544981763	69.73059193	49.40202933	60.13804688
GID180	63.31842969	2.569266328	69.30993347	48.89400842	59.28605797
GID181	73.27580536	2.620591396	69.44931916	46.28128921	65.3940777
GID182	78.06488793	2.478989682	67.74125769	46.23946659	63.91502988
GID183	86.45823649	2.565650655	62.13225179	34.47999726	69.56255465
GID184	74.88394149	2.621687655	67.53094306	45.18278227	63.82183927
GID185	66.72131429	2.524535818	69.60633826	49.1795682	60.57409881
GID186	77.59816052	2.622700978	67.10260898	42.98413673	62.56398192
GID187	76.34569062	2.69181975	67.85158909	42.48698648	64.89383187
GID188	67.84411545	2.665440622	67.92269568	46.86812388	60.46339909
GID189	62.5839034	2.438628561	71.98642604	51.9709171	58.24636699
GID190	61.98368426	2.45924133	71.18622418	51.97026797	57.12576147
GID191	67.098245	2.463067796	70.46884941	51.01159246	60.96567138
GID192	69.00091728	2.69188256	69.01130865	43.294292	62.95368069
GID193	83.55259749	2.529029655	63.6212819	39.95731629	64.20610823
GID194	77.93336449	2.512649655	63.60162671	39.18815909	65.10411412
GID195	78.81430049	2.530263655	64.03560006	36.98790163	64.86097776
GID196	69.28137611	2.60138066	67.34707976	47.63025162	60.86373333
GID197	61.85356774	2.705317509	70.02838352	47.26567458	58.60200444
GID198	69.29791744	2.58534198	70.49439215	47.97424591	58.13008611
GID199	72.33231011	2.66108966	68.16262525	48.23934675	61.22230175
GID200	64.21255721	2.49384381	72.48934371	53.15838784	57.35994469
GID201	72.59651149	2.697565655	67.69929964	47.77209121	62.51894624
GID202	65.61627622	2.573462636	70.95409258	50.3042916	61.65633402
GID203	67.28335225	2.728014261	70.84441721	48.57321249	61.8793171
GID204	77.07926845	2.555252622	65.59963274	43.21591771	62.50940791
GID205	76.34008316	2.764425392	68.57428385	42.73309039	67.75240791
GID206	82.08834045	2.653896622	65.33874601	40.33146258	60.1162149
GID207	78.12656317	2.589830265	63.10159149	37.78494308	66.14631064
GID208	77.27306345	2.578590622	66.49454867	44.07713768	62.19792853
GID209	64.41927671	2.667681284	71.23661716	50.32733847	61.08377672
GID210	77.03811649	2.573136655	63.30354504	38.63759083	69.74681994
GID211	68.08092526	2.657862944	70.59750133	48.70062874	60.83223408
GID212	65.19255121	2.584333454	69.23512696	48.92829832	59.16534873
GID213	67.5394088	2.528857249	69.67037714	49.16399322	55.98969832
GID214	74.90055806	2.461013366	70.36980159	49.51942947	59.91214744
GID215	74.6745669	2.638936037	70.58463158	47.9373542	60.38004757
GID216	69.54660416	2.614692889	69.77249862	49.23895218	59.05877416
GID217	75.6568469	2.501783063	68.47853789	45.07730501	63.42871313
GID218	72.81354655	2.717572684	69.80448952	46.3256315	59.9740366
GID219	68.42258013	2.721013417	71.70847671	49.59439753	58.23817231
GID220	76.6330504	2.492947902	71.34081261	49.37707695	61.50166498
GID221	67.66231328	2.782823217	71.22307377	50.47084176	59.76598071
GID222	70.54084588	2.682737737	69.22983197	46.02823733	62.57032118
GID223	72.8898492	2.637063542	70.77991561	47.04716706	65.31210557
GID224	71.12667748	2.64367272	70.20304463	48.87955732	60.47048219
GID225	64.6956474	2.565439274	69.85692518	48.89256779	59.6581222
GID226	64.28481116	2.563784115	71.17839254	50.69085971	58.45998895
GID227	67.03613327	2.563358615	69.58635723	48.69784416	61.31086757
GID228	65.46441238	2.703693167	67.79005825	47.55210186	60.45840934
GID229	65.328668	2.806917154	72.85279066	50.61585939	57.55557199
GID230	75.15935343	2.539562243	71.85383698	49.23718562	61.33228561
GID231	67.61672379	2.651225559	71.20698811	51.04975117	59.99237341
GID232	66.70850947	2.517349713	71.22189593	51.50484903	59.44683884
GID233	63.70164418	2.452416026	71.39045716	52.20592305	57.28420519
GID234	69.03244124	2.797482886	72.92479105	51.32175001	56.46186446
GID235	76.15274874	2.505872351	68.6997301	45.72792627	62.0266025
GID236	64.29937986	2.532847462	64.83809302	45.50564196	59.90349087
GID237	66.09999412	2.618948883	70.95088764	49.34963568	57.67717841
GID238	60.95161895	2.555438525	70.83414352	50.79764478	59.81585074
GID239	57.8093046	2.541631118	72.47610394	53.04868569	59.62206334
GID240	60.94616266	2.582776371	66.77184575	47.67914302	56.76667591
GID241	58.65802396	2.592817255	72.19296347	51.7618528	59.69160388
GID242	56.33615408	2.489506864	71.43764335	52.25036915	56.46010987
GID243	57.45659662	2.587145509	71.83170825	52.30596078	58.97910466
GID244	83.07640997	2.598890377	67.87022288	42.49462791	65.42579753
GID245	71.85408093	2.707707214	68.30802691	47.0819282	64.94019453
GID246	81.72589169	2.54959266	65.57990016	41.50873641	66.52816583
GID247	72.08981438	2.601197217	68.24377703	48.05982289	63.56023915
GID248	75.4913457	2.778244708	69.89540712	48.06271864	63.47687134
GID249	77.38201595	2.64273964	71.3989215	47.89912215	59.72345895
GID250	64.50526793	2.835392317	69.47045997	48.97524046	58.66747099
GID251	74.26250259	2.639188675	71.17177564	50.2309417	59.1365107
GID252	75.91933207	2.725205333	68.81706765	44.2003633	68.14874706
GID253	76.32313061	2.778962658	71.53650194	48.16638522	65.12442045
GID254	80.36811649	2.601050962	70.32916289	47.05631341	62.76577033
GID255	71.02383622	2.737695262	69.72056283	47.88393612	60.92713553
GID256	77.6092318	2.518266544	70.54705955	49.75496268	64.03689943
GID257	74.34398125	2.731971015	71.25007005	48.47490667	59.19615577
GID258	69.68151322	2.730986262	71.82727794	51.08998723	60.72092706
GID259	82.64602702	2.611624111	66.64392693	41.3743948	65.83967849
GID260	78.29669922	2.652543142	66.4632813	41.92421026	66.30577584
GID261	81.49577293	2.650249817	71.33468631	47.73167292	62.19093943
GID262	72.94815222	2.722446262	68.87567083	46.30536919	59.98237961
GID263	66.77252992	2.550083567	69.02056682	49.65287119	57.2701896
GID264	79.11317896	2.65114026	68.97820832	45.55560572	62.31999987
GID265	76.75900898	2.652007005	69.7705943	46.65445868	60.10004622
GID266	50.57733065	2.534409323	70.59246062	50.76600477	57.69684959
GID267	76.14673233	2.646506186	66.9669298	41.83653786	65.45760842
GID268	66.5699045	2.560761201	69.02210581	47.97439836	60.73251246
GID269	69.46780722	2.5555962	68.22783737	43.25728146	67.25588913
GID270	65.21168351	2.511207835	66.87757415	45.69598778	61.68266707
GID271	67.64515253	2.658274437	66.92899946	42.67190025	64.74647533
GID272	64.8402797	2.633472116	70.14663179	48.85360446	60.47268825
GID273	76.23161784	2.732130774	67.95108543	42.66013184	64.99438543
GID274	66.09919061	2.438769009	69.00188877	49.41666148	59.41832755
GID275	64.00272461	2.510160009	71.24116858	50.11841124	58.4899544
GID276	78.05876992	2.652994877	68.13616222	43.7148053	60.04907919
GID277	61.67272086	2.652978285	72.97582686	52.33947957	59.11433971
GID278	68.8778147	2.604788005	69.03617576	47.59206097	60.78959017
GID279	65.37105838	2.656999725	67.83847997	48.5125555	62.0969352
GID280	70.8255655	2.663336679	67.58104984	45.25148927	61.18112008
GID281	56.93991504	2.530037659	69.33035894	49.74237174	59.93598228
GID282	66.15405588	2.442412507	67.49375852	47.02099025	61.32549658
GID283	57.00424261	2.716353009	70.23409147	48.38441697	59.14170643
GID284	64.93434036	2.6059638	69.95287659	48.44988277	60.35005543
GID285	49.16630228	2.561812179	71.14389905	52.17552917	55.49746505
GID286	53.00809353	2.571347112	68.95025175	49.50775872	56.64540225
GID287	58.54327904	2.636968415	69.72991914	50.43036054	56.73722024
GID288	64.73817459	2.632396949	68.28433443	47.56547556	60.58528228
GID289	79.27633391	2.659328942	67.1690101	40.69372723	66.93529382
GID290	58.14659987	2.618871456	68.78217068	48.11312414	59.66501219
GID291	58.92071816	2.476857048	69.30597458	51.87967389	59.15495892
GID292	62.85289957	2.545111873	69.15933211	51.10715705	59.22299827
GID293	57.14627626	2.512903973	68.11972537	49.12688266	58.618513
GID294	63.2755373	2.470534008	68.43076019	49.06149831	58.06749945
GID295	64.25360627	2.484392068	68.74495801	49.67720578	57.32278272
GID296	71.13301392	2.481973489	68.566797	48.23972592	57.92377411
GID297	59.10670653	2.419424047	70.44193352	51.07631035	55.45517841
GID298	67.32990449	2.53790345	69.9573544	50.00063953	56.29411861
GID299	72.92123024	2.551360653	71.69455932	51.37299712	58.92471621
GID300	69.5454415	2.515536736	69.86313478	49.04126461	58.20188274
GID301	57.22047603	2.533121943	68.3109579	49.64139775	57.56754099
GID302	71.88005374	2.56667706	69.11631874	46.48554799	59.55735068
GID303	69.5550446	2.689385018	70.64242937	48.65095948	59.11158353
GID304	74.46310027	2.311323619	68.66492494	49.33589213	58.35975552
GID305	80.19225895	2.532733034	69.41095257	46.13096371	60.17984253
GID306	73.16648551	2.43994194	67.85553229	46.6690331	60.22897704
GID307	56.04113608	2.618270264	72.94816018	54.07634195	57.250683
GID308	65.12279798	2.584292896	70.36624842	49.17229299	58.02554942
GID309	70.83860054	2.529282984	68.13516783	45.59252731	59.96422353
GID310	70.27524368	2.606738902	70.20118779	47.0655426	61.14700698
GID311	70.58925281	2.555659052	71.06323191	50.21870357	59.37343914
GID312	67.75797695	2.562440915	69.92883944	48.55763053	58.52281791
GID313	64.28960736	2.612227182	68.30441649	47.05296317	59.79210268
GID314	60.20173106	2.555185866	70.47735028	51.11864209	58.17432963
GID315	70.77118884	2.519247578	67.45923575	46.32639959	63.08953915
GID316	59.72268365	2.561583907	70.66323565	50.98831931	58.36030849
GID317	72.48638986	2.553554571	67.1403615	45.64012289	62.57225735
GID318	74.02620604	2.602985568	68.14794122	46.19054428	63.02411404
GID319	71.04696469	2.614390647	68.89760673	46.37375074	62.23469771
GID320	77.70910369	2.644410447	67.2495251	44.85215244	59.12995405
GID321	77.46138882	2.723064749	68.80309567	43.20641294	62.74717531
GID322	76.859483	2.514140513	68.40790799	49.11090642	57.81331992
GID323	70.49122755	2.69573336	68.27995557	45.10636648	62.62888612
GID324	63.96586623	2.625958904	68.72894379	48.06843273	55.82191008
GID325	68.05027969	2.556339447	68.73039261	47.94418768	60.56759149
GID326	64.76598869	2.600258447	68.14367205	47.86267923	56.44884773
GID327	73.24219678	2.554535126	68.72825178	47.64355979	59.27824262
GID328	73.82439435	2.605061414	68.87570302	46.84828888	60.90713616
GID329	66.74379914	2.605251157	68.67467107	46.43063676	60.35831468
GID330	68.79171097	2.606469762	68.69541297	47.7181271	59.6435054
GID331	66.597208	2.717122513	69.58119509	49.93824984	56.82070478
GID332	68.49259435	2.598173845	67.70883503	44.1773864	58.96205649
GID333	63.73463324	2.628268395	68.39756259	47.05064399	59.27936525
GID334	62.44521074	2.65744437	68.45312709	48.65829506	60.0489688
GID335	66.48852897	2.665855994	69.34112168	47.16543494	61.80050741
GID336	67.87239269	2.690857447	70.0642004	48.46714325	57.69472216
GID337	68.38202595	2.457457363	67.79835583	48.06113031	58.0364437
GID338	71.90700006	2.564374852	68.17669202	45.12167694	65.38869409
GID339	67.50884217	2.502465722	70.66047032	49.37988716	61.03715946
GID340	72.01059703	2.572143576	68.45965838	47.70127627	59.20336413
GID341	79.07711784	2.569541892	68.98338075	45.38461706	60.87509367
GID342	76.77596893	2.636624615	67.62180409	43.15949427	61.88006229
GID343	72.40010565	2.555840504	68.16709185	46.75384985	59.01628263
GID344	67.71355315	2.702573223	69.64415126	49.08941492	61.00204907
GID345	64.68213588	2.621899465	68.31474593	47.22720307	60.17504394
GID346	65.97355845	2.564063056	69.69994888	49.20708267	58.22736574
GID347	65.04592546	2.637704089	69.39049674	47.15456516	61.60763776
GID348	65.9767778	2.543729707	69.72217912	49.76629947	59.97135947
GID349	77.16224691	2.636932051	68.48432676	44.10550085	62.89624491
GID350	59.8326914	2.523140915	71.37557333	50.10242259	57.5994898
GID351	62.9360493	2.428052206	69.68973596	48.69160994	58.9986177
GID352	63.78783099	2.523527424	70.64057983	49.33288896	60.00668952
GID353	74.96674417	2.590536835	66.80788055	42.67782239	63.98432795
GID354	65.12034033	2.730979706	68.67895294	46.89632872	59.07274834
GID355	61.03009807	2.543325814	70.17000634	50.82852651	58.74149437
GID356	68.97329211	2.582606958	69.17636398	47.77716754	59.73148425
GID357	65.08355872	2.562776096	69.18667778	49.40479172	58.33798537
GID358	66.60252066	2.55155497	69.18444617	48.03935862	58.94878189
GID359	77.00527109	2.439298746	68.1732619	43.34054195	65.16820132
GID360	63.05503619	2.476237877	70.66200893	50.49292461	59.71987586
GID361	61.19127532	2.490392582	68.90108701	48.03735154	57.23213569
GID362	62.62238996	2.613603957	69.1270452	48.43273713	59.6990809
GID363	63.34242472	2.580799612	69.67682441	49.81490747	57.36079081
GID364	66.05185215	2.502521863	68.64470623	48.05655827	61.41414681
GID365	58.91109206	2.496486807	70.73104115	50.97247909	58.24439542
GID366	65.3422282	2.565764018	69.8313176	48.74830889	59.13078427
GID367	66.9381614	2.510425283	68.91321855	46.99291539	59.68424009
GID368	55.66795533	2.660805439	70.80684792	52.33832561	57.84343171
GID369	73.31857629	2.604415929	68.5780831	46.51146876	60.77635711
GID370	72.17182853	2.578815775	68.88764182	46.60958306	63.24362494
GID371	66.69825346	2.687419124	69.45338579	47.28772016	60.33480518
GID372	69.33955645	2.546846702	69.29082334	47.48253504	60.16362832
GID373	66.25394677	2.601039972	67.64959952	48.75118969	61.02577706
GID374	65.61897197	2.535115435	69.39535968	50.31678059	59.28223337
GID375	62.14780907	2.340991998	69.29078372	49.52535534	57.2092425
GID376	65.95421896	2.625980456	67.78961857	48.18492532	59.82005934
GID377	68.4635972	2.618957582	67.61104093	45.78681545	64.84474224
GID378	78.33473374	2.489894217	66.73222467	44.20303566	62.21418632
GID379	70.74060341	2.371118681	69.59848809	50.21451655	56.64149014
GID380	64.33481845	2.482903707	70.43377093	52.87061931	58.16427602
GID381	71.13598307	2.49516141	68.88121235	48.71003184	55.71439219
GID382	73.45476533	2.475731682	71.38709592	51.1617258	55.185481
GID383	64.65677779	2.577779105	69.61071049	49.29314382	59.67779379
GID384	68.6476486	2.674449567	72.90789765	51.75597677	57.7492445
GID385	77.98492154	2.475511919	66.4348593	42.30327583	61.68074351
GID386	67.30090819	2.374851524	65.19278235	46.26884249	59.99958531
GID387	66.72354269	2.630227738	66.9211472	47.43191578	60.69187173
GID388	75.20305654	2.462984786	68.35340018	46.30130362	59.68441247
GID389	68.4351348	2.64539501	69.0778566	48.14995007	58.16701964
GID390	72.84118332	2.534933929	68.21283915	45.78631684	59.49424317
GID391	80.78473786	2.403739062	71.08048963	49.56871719	57.60900859
GID392	67.75004811	2.411524671	69.44348271	49.20294958	55.62069044
GID393	70.13299463	2.359454921	69.33964877	48.26218398	57.26526916
GID394	74.40455774	2.425524944	64.3154669	43.27914129	59.8383601
GID395	68.79835011	2.556642671	68.20329746	46.76352497	60.30330806
GID396	69.6617098	2.586076711	69.47932552	48.16094669	58.57644844
GID397	68.42446654	2.535967328	68.81109168	47.2752306	59.07033751
GID398	63.1227175	2.601447425	70.17404678	50.71409425	58.26281201
GID399	68.31392443	2.486708957	69.19719823	49.14682135	57.04395547
GID400	69.01205316	2.472627329	68.38566794	47.45124898	56.73886166
GID401	86.63577464	2.554549253	66.13799406	40.03131785	71.02002384
GID402	66.90133198	2.519179969	69.2427556	46.68697366	58.16215495
GID403	71.15717564	2.545220552	68.67709366	46.37189623	56.57416172
GID404	72.47027952	2.524255182	69.34062962	48.58659739	61.3699579
GID405	71.85814645	2.431615857	68.44653546	48.07955159	59.88837769
GID406	75.16955221	2.556710152	69.10626578	47.28193	60.09396959
GID407	76.91173633	2.524024127	69.59188938	47.64002384	61.93460868
GID408	74.20234244	2.544187574	69.90539132	48.32734145	59.56654084
GID409	64.93590331	2.584850218	69.09174831	49.38562179	59.56108471
GID410	70.85066785	2.507797631	68.4311851	47.31447846	59.52824701
GID411	69.70377882	2.504223998	68.83071487	46.18139623	59.19532918
GID412	67.84894382	2.500800998	70.80978586	50.11789129	58.42544123
GID413	67.52639582	2.730204998	70.77953694	47.3104376	62.11721996
GID414	67.72091822	2.568657095	69.01133081	46.56265489	60.57297911
GID415	77.89639016	2.621991354	69.07684555	43.2774191	61.95818735
GID416	67.46436643	2.524035418	70.41173692	48.5410241	60.88458201
GID417	70.8056507	2.734868736	69.82838067	46.76545662	60.64136317
GID418	70.29627697	2.638400398	69.87366984	46.87263371	60.58371607
GID419	64.9845667	2.540033038	69.45900349	48.16631814	60.3752765
GID420	61.21583031	2.595091896	71.58672986	50.71482765	58.56005315
GID421	66.99252458	2.689887524	72.2763267	49.54366181	55.65536436
GID422	79.52606256	2.549500359	69.06253367	43.80066777	63.12801431
GID423	61.44798926	2.606647814	69.76239382	49.66145176	59.65522602
GID424	67.32389548	2.618759238	68.65123439	45.54135219	60.31065316
GID425	67.32535568	2.713151651	70.42163393	47.6301153	62.04802983
GID426	70.36556897	2.502179061	70.51433465	48.30806667	59.47505476
GID427	70.3273233	2.538132129	70.17234896	48.40644069	59.76969686
GID428	66.50618282	2.650640577	68.30541062	46.07583912	58.5214074
GID429	72.4739072	2.497175675	69.06330031	47.15861714	61.08729102
GID430	69.60100837	2.707338861	69.45258099	47.73954235	60.39380118
GID431	65.59325619	2.713701754	69.54148624	48.07604554	60.87959038
GID432	70.21357268	2.619611631	70.55885018	48.22742784	58.6994209
GID433	68.16236589	2.616172357	70.22233027	47.92632447	59.18148569
GID434	73.94407535	2.538270792	68.76451311	45.8848906	60.68562483
GID435	73.86407167	2.692461124	70.36176131	48.95992271	62.9819168
GID436	69.05768019	2.687905754	69.99877626	47.86166941	59.10714921
GID437	67.28113505	2.392246407	69.60721025	49.21676765	59.04740327
GID438	63.00656702	2.597356241	69.12104433	49.01245434	59.45295811
GID439	75.04719158	2.614407415	69.06586526	47.06312793	61.2353282
GID440	71.53463119	2.605195754	68.86302965	44.41812623	62.62367329
GID441	67.09442521	2.558223745	70.80622981	48.64386254	60.36925295
GID442	67.70974585	2.547535037	73.39422543	52.21083959	57.5707028
GID443	67.15726962	2.521131722	71.82071696	50.96180141	57.77185309
GID444	67.05140292	2.455276497	72.29587477	51.37233338	58.50457333
GID445	70.13324298	2.662293108	70.46777834	46.97846639	62.59919314
GID446	74.7914209	2.609058826	68.31256863	44.76698284	62.23021703
GID447	69.48344743	2.534977832	71.12595134	49.8166482	59.09735494
GID448	72.69230084	2.531780969	68.70000987	47.62945179	61.29670916
GID449	74.21799074	2.523003977	69.83283427	49.59469341	63.93673395
GID450	75.33782853	2.493474952	68.28688962	46.79209915	63.00373579
GID451	74.4832147	2.560380095	74.27920106	53.53084536	57.26636106
GID452	71.82006423	2.76158371	67.97021605	43.93917104	64.47041429
GID453	72.53839827	2.711724994	70.22223324	46.25578071	63.80522204
GID454	66.85670391	2.657145008	70.46847054	46.72123626	62.79450985
GID455	65.43189922	2.402473528	70.08268478	50.59512233	62.10681281
GID456	67.64881373	2.475710945	69.2909071	47.50714411	60.70978521
GID457	68.64162513	2.612251799	69.37290561	46.22648364	63.78510942
GID458	74.76977267	2.416237416	67.69594972	45.99724015	63.52129795
GID459	70.90835641	2.6301259	69.43521986	45.52096849	62.59944565
GID460	73.17983184	2.58783697	69.80713473	47.84792947	59.64306097
GID461	68.70650116	2.518118364	68.42044476	45.92869237	62.39302283
GID462	75.41255437	2.507328877	69.09696877	46.36676319	61.82197068
GID463	71.07292578	2.507337444	70.44984058	49.63527326	59.74225193
GID464	67.10784515	2.70959454	70.64731778	49.59581757	60.26244745
GID465	79.25624782	2.550409881	64.12409662	38.63246629	66.47808781
GID466	65.00266606	2.58944574	71.49461998	49.326509	56.41132209
GID467	72.66862319	2.514551518	70.01191139	47.84058325	59.27024109
GID468	60.67190514	2.588799939	71.72175746	51.49369939	57.70623253
GID469	72.58758217	2.560275421	68.95390178	44.79671552	60.75659942
GID470	63.36790131	2.422545093	70.67279146	50.70467135	58.76622553
GID471	62.05775064	2.533985952	71.84237212	52.00976727	57.38860907
GID472	66.8096288	2.594211496	69.83298352	48.62994467	59.58306631
GID473	60.47764726	2.554958162	70.09259766	50.18463075	57.79526701
GID474	72.81274978	2.605343593	67.68737733	45.34781134	63.505728
GID475	69.70745072	2.589598303	68.08553035	44.69114317	63.97960852
GID476	80.46801691	2.491025183	68.45851207	42.27152747	62.27932838
GID477	74.10964589	2.653545315	68.89673289	45.36208263	62.81315119
GID478	65.7915588	2.561958976	70.19040734	49.59681159	58.98134266
GID479	73.42363655	2.588766202	67.55684096	45.66571224	62.97742875
GID480	76.05369905	2.728472986	67.58104218	42.6634711	64.68941846
GID481	74.90562254	2.53649913	68.08097646	44.78112493	64.65868867
GID482	60.58916454	2.60492835	70.82419384	49.55222608	57.93305669
GID483	65.39403109	2.589925125	69.10670301	49.1465008	58.8621266
GID484	64.38962309	2.463485187	71.7379806	52.10883251	56.3472587
GID485	70.27269169	2.531953946	69.76150291	47.97871384	61.00178154
GID486	63.31880927	2.550500612	68.1003892	47.7232408	58.80220366
GID487	71.61896461	2.471216401	66.73511471	46.02087413	59.63769628
GID488	68.23671749	2.622901655	67.39540969	46.61362475	57.11905858
GID489	64.30474884	2.56716967	71.5827516	50.29743904	58.99129582
GID490	64.00797229	2.474861478	69.86952608	48.06337333	58.9473381
GID491	71.12775151	2.476481594	65.64661128	46.09164948	60.04369886
GID492	72.44945067	2.518523906	68.45309671	46.97202712	60.86777624
GID493	75.28159925	2.697131373	67.16893965	42.41296956	67.78125967
GID494	72.68496233	2.656823519	69.11423564	45.56763865	64.54862942
GID495	67.31681676	2.627646936	69.83856261	48.00677117	59.78026753
GID496	61.67056122	2.705384443	68.44985099	47.1322709	61.56596763
GID497	70.49295761	2.516760909	68.2048041	46.90921233	62.91561904
